1 909 23.909999999999997 21.618550432000003 16.150000000000002 1420353944529
1 910 23.909999999999997 21.618550432000003 16.150000000000002 1420353944629
1 911 23.92 21.618550432000003 16.065 1420353944729
1 912 23.92 21.618550432000003 16.235 1420353944829
1 913 23.92 21.618550432000003 16.150000000000002 1420353944929
1 914 23.92 21.618550432000003 16.235 1420353945029
2 914 25.059999999999995 20.579679202 13.345 1420353945029
1 915 23.92 21.618550432000003 15.895000000000001 1420353945129
1 916 23.92 21.618550432000003 16.235 1420353945229
1 917 23.92 21.618550432000003 16.32 1420353945329
2 917 25.059999999999995 20.579679202 13.515 1420353945329
1 918 23.92 21.618550432000003 16.150000000000002 1420353945429
2 918 25.059999999999995 20.579679202 13.685 1420353945429
1 919 23.92 21.618550432000003 16.235 1420353945529
1 920 23.92 21.618550432000003 16.405 1420353945629
1 921 23.92 21.618550432000003 16.235 1420353945729
1 922 23.92 21.618550432000003 16.235 1420353945829
2 922 25.059999999999995 20.5450007005 13.770000000000001 1420353945829
1 923 23.92 21.618550432000003 15.98 1420353945929
2 923 25.059999999999995 20.5450007005 13.600000000000001 1420353945929
1 924 23.92 21.618550432000003 15.98 1420353946029
1 925 23.92 21.618550432000003 16.235 1420353946129
1 926 23.92 21.618550432000003 16.235 1420353946229
2 926 25.059999999999995 20.510319008 13.090000000000002 1420353946229
1 927 23.92 21.618550432000003 16.235 1420353946329
2 927 25.059999999999995 20.510319008 13.600000000000001 1420353946329
1 928 23.92 21.618550432000003 16.235 1420353946429
1 929 23.92 21.618550432000003 16.235 1420353946529
2 929 25.059999999999995 20.510319008 13.685 1420353946529
1 930 23.93 21.618550432000003 16.405 1420353946629
2 930 25.059999999999995 20.510319008 13.515 1420353946629
1 931 23.93 21.618550432000003 16.235 1420353946729
1 932 23.93 21.618550432000003 16.065 1420353946829
2 932 25.080000000000005 20.510319008 13.430000000000001 1420353946829
1 933 23.950000000000003 21.618550432000003 16.065 1420353946929
1 934 23.950000000000003 21.618550432000003 16.235 1420353947029
2 934 25.080000000000005 20.510319008 13.430000000000001 1420353947029
1 935 23.950000000000003 21.618550432000003 16.235 1420353947129
2 935 25.080000000000005 20.510319008 13.600000000000001 1420353947129
1 936 23.939999999999998 21.618550432000003 16.150000000000002 1420353947229
2 936 25.080000000000005 20.510319008 13.685 1420353947229
1 937 23.939999999999998 21.618550432000003 16.235 1420353947329
2 937 25.080000000000005 20.510319008 13.685 1420353947329
1 938 23.939999999999998 21.618550432000003 16.150000000000002 1420353947429
2 938 25.07 20.510319008 13.430000000000001 1420353947429
1 940 23.939999999999998 21.618550432000003 15.98 1420353947629
2 940 25.07 20.510319008 13.600000000000001 1420353947629
1 941 23.939999999999998 21.618550432000003 16.830000000000002 1420353947729
1 942 23.939999999999998 21.618550432000003 16.32 1420353947829
2 942 25.080000000000005 20.510319008 13.685 1420353947829
1 943 23.939999999999998 21.618550432000003 16.065 1420353947929
1 944 23.939999999999998 21.618550432000003 16.065 1420353948029
1 945 23.939999999999998 21.618550432000003 16.235 1420353948129
1 946 23.939999999999998 21.618550432000003 16.065 1420353948229
2 946 25.080000000000005 20.510319008 13.600000000000001 1420353948229
1 947 23.939999999999998 21.618550432000003 16.150000000000002 1420353948329
2 947 25.080000000000005 20.4756341245 13.260000000000002 1420353948329
1 948 23.950000000000003 21.618550432000003 15.895000000000001 1420353948429
2 948 25.080000000000005 20.4756341245 13.685 1420353948429
1 949 23.950000000000003 21.618550432000003 16.065 1420353948529
1 950 23.950000000000003 21.618550432000003 16.150000000000002 1420353948629
2 950 25.080000000000005 20.44094605 13.345 1420353948629
1 951 23.939999999999998 21.618550432000003 16.065 1420353948730
1 952 23.939999999999998 21.618550432000003 15.98 1420353948829
1 953 23.939999999999998 21.618550432000003 16.32 1420353948929
1 954 23.939999999999998 21.618550432000003 16.235 1420353949029
1 955 23.96 21.618550432000003 16.065 1420353949129
1 956 23.96 21.618550432000003 16.150000000000002 1420353949229
2 956 25.080000000000005 20.44094605 13.175 1420353949229
1 957 23.96 21.618550432000003 15.895000000000001 1420353949329
1 958 23.96 21.618550432000003 16.065 1420353949429
2 958 25.080000000000005 20.44094605 13.515 1420353949429
1 959 23.96 21.618550432000003 16.065 1420353949529
2 959 25.080000000000005 20.44094605 13.770000000000001 1420353949529
1 960 23.96 21.618550432000003 15.98 1420353949629
1 961 23.950000000000003 21.618550432000003 16.235 1420353949729
1 962 23.950000000000003 21.618550432000003 16.150000000000002 1420353949829
2 962 25.089999999999996 20.44094605 13.090000000000002 1420353949829
1 963 23.950000000000003 21.618550432000003 15.81 1420353949929
2 963 25.089999999999996 20.44094605 13.175 1420353949929
1 964 23.96 21.618550432000003 15.81 1420353950029
1 966 23.96 21.618550432000003 15.555000000000001 1420353950229
2 966 25.1 20.44094605 13.175 1420353950229
1 967 23.96 21.618550432000003 15.81 1420353950329
2 967 25.1 20.44094605 13.260000000000002 1420353950329
1 968 23.96 21.618550432000003 15.64 1420353950429
2 968 25.1 20.44094605 13.430000000000001 1420353950429
1 969 23.96 21.618550432000003 15.98 1420353950529
1 970 23.96 21.618550432000003 15.725000000000001 1420353950629
2 970 25.1 20.44094605 13.175 1420353950629
1 971 23.96 21.618550432000003 15.725000000000001 1420353950729
1 972 23.96 21.618550432000003 15.64 1420353950829
2 972 25.1 20.44094605 13.175 1420353950829
1 973 23.96 21.618550432000003 15.64 1420353950929
1 974 23.96 21.653130012500004 15.215000000000002 1420353951029
2 974 25.1 20.44094605 13.175 1420353951029
1 975 23.96 21.653130012500004 15.64 1420353951129
1 976 23.97 21.653130012500004 15.555000000000001 1420353951229
2 976 25.1 20.44094605 12.835 1420353951229
1 977 23.97 21.687706402000003 15.64 1420353951329
2 977 25.1 20.44094605 13.345 1420353951329
1 978 23.97 21.687706402000003 15.64 1420353951429
2 978 25.1 20.4062547845 13.345 1420353951429
1 979 23.97 21.687706402000003 15.47 1420353951529
1 980 23.97 21.618550432000003 15.47 1420353951629
2 980 25.1 20.4062547845 13.175 1420353951629
1 981 23.97 21.618550432000003 15.47 1420353951729
1 982 23.97 21.618550432000003 15.555000000000001 1420353951829
2 982 25.1 20.4062547845 13.345 1420353951829
1 983 23.97 21.687706402000003 15.555000000000001 1420353951929
1 984 23.97 21.687706402000003 15.555000000000001 1420353952029
1 985 23.97 21.687706402000003 15.555000000000001 1420353952129
1 986 23.97 21.618550432000003 15.64 1420353952229
2 986 25.110000000000007 20.44094605 13.430000000000001 1420353952229
1 987 23.97 21.618550432000003 15.725000000000001 1420353952329
2 987 25.110000000000007 20.44094605 13.430000000000001 1420353952329
1 988 23.97 21.618550432000003 15.895000000000001 1420353952429
1 989 23.97 21.618550432000003 16.235 1420353952529
1 990 23.97 21.618550432000003 16.575000000000003 1420353952629
1 991 23.97 21.618550432000003 16.490000000000002 1420353952729
2 991 25.119999999999997 20.4062547845 14.705000000000002 1420353952729
1 992 23.979999999999997 21.618550432000003 17.0 1420353952829
2 992 25.119999999999997 20.4062547845 14.705000000000002 1420353952829
1 993 23.979999999999997 21.618550432000003 16.915000000000003 1420353952929
2 993 25.119999999999997 20.4062547845 14.705000000000002 1420353952929
1 994 23.979999999999997 21.618550432000003 16.915000000000003 1420353953029
2 994 25.119999999999997 20.4062547845 15.045000000000002 1420353953029
1 995 24.0 21.618550432000003 17.085 1420353953129
2 995 25.119999999999997 20.4062547845 14.705000000000002 1420353953129
1 996 24.0 21.618550432000003 17.0 1420353953229
1 997 24.0 21.618550432000003 17.085 1420353953329
1 998 23.990000000000002 21.618550432000003 17.085 1420353953429
2 998 25.119999999999997 20.371560328 14.705000000000002 1420353953429
1 999 23.990000000000002 21.618550432000003 16.745 1420353953529
1 1000 23.990000000000002 21.618550432000003 17.0 1420353953629
2 1000 25.110000000000007 20.371560328 14.705000000000002 1420353953629
1 1001 23.990000000000002 21.618550432000003 17.085 1420353953729
2 1001 25.110000000000007 20.4062547845 14.705000000000002 1420353953729
1 1002 23.990000000000002 21.618550432000003 16.66 1420353953829
1 1003 23.990000000000002 21.618550432000003 16.915000000000003 1420353953929
2 1003 25.110000000000007 20.4062547845 14.620000000000001 1420353953929
1 1004 23.990000000000002 21.618550432000003 17.085 1420353954029
2 1004 25.110000000000007 20.371560328 14.705000000000002 1420353954029
1 1005 23.990000000000002 21.583967660500004 16.915000000000003 1420353954129
2 1005 25.110000000000007 20.371560328 14.620000000000001 1420353954129
1 1007 23.990000000000002 21.583967660500004 16.745 1420353954329
2 1007 25.119999999999997 20.4062547845 14.790000000000001 1420353954329
1 1008 23.990000000000002 21.618550432000003 16.830000000000002 1420353954429
2 1008 25.119999999999997 20.4062547845 14.365 1420353954429
1 1009 23.990000000000002 21.618550432000003 16.575000000000003 1420353954529
1 1011 24.0 21.549381698 17.085 1420353954729
1 1012 24.0 21.549381698 17.085 1420353954829
2 1012 25.119999999999997 20.4062547845 14.110000000000001 1420353954829
1 1013 24.0 21.549381698 16.915000000000003 1420353954929
2 1013 25.119999999999997 20.4062547845 14.025 1420353954929
1 1014 24.0 21.549381698 16.830000000000002 1420353955029
2 1014 25.119999999999997 20.4062547845 14.535000000000002 1420353955029
1 1015 24.0 21.549381698 16.745 1420353955129
1 1016 24.0 21.549381698 16.830000000000002 1420353955229
1 1017 24.0 21.549381698 16.915000000000003 1420353955329
2 1017 25.130000000000003 20.371560328 14.365 1420353955329
1 1018 24.0 21.549381698 16.830000000000002 1420353955429
1 1019 24.0 21.549381698 16.915000000000003 1420353955529
2 1019 25.130000000000003 20.44094605 14.790000000000001 1420353955529
1 1020 24.0 21.549381698 17.0 1420353955629
1 1021 24.0 21.549381698 17.0 1420353955729
2 1021 25.130000000000003 20.44094605 14.450000000000001 1420353955729
1 1023 24.0 21.549381698 16.575000000000003 1420353955929
2 1023 25.130000000000003 20.44094605 14.620000000000001 1420353955929
1 1024 24.0 21.549381698 16.915000000000003 1420353956029
2 1024 25.130000000000003 20.44094605 14.450000000000001 1420353956029
1 1025 24.0 21.549381698 17.085 1420353956129
1 1026 24.0 21.549381698 16.66 1420353956229
1 1027 24.0 21.549381698 16.830000000000002 1420353956329
1 1028 24.0 21.549381698 16.66 1420353956429
2 1028 25.139999999999993 20.4062547845 14.195 1420353956429
1 1029 24.0 21.549381698 16.66 1420353956529
1 1030 24.0 21.549381698 16.490000000000002 1420353956629
1 1031 24.0 21.549381698 16.405 1420353956729
1 1032 24.0 21.549381698 16.490000000000002 1420353956829
1 1033 24.0 21.5147925445 16.235 1420353956929
2 1033 25.130000000000003 20.44094605 13.940000000000001 1420353956929
1 1034 24.0 21.5147925445 16.32 1420353957029
1 1035 24.009999999999998 21.5147925445 16.490000000000002 1420353957129
2 1035 25.139999999999993 20.44094605 13.855 1420353957129
1 1036 24.009999999999998 21.4802002 16.405 1420353957229
2 1036 25.139999999999993 20.44094605 14.025 1420353957229
1 1037 24.009999999999998 21.4802002 16.490000000000002 1420353957329
2 1037 25.139999999999993 20.44094605 14.025 1420353957329
1 1039 24.0 21.4802002 16.150000000000002 1420353957529
1 1040 24.0 21.4802002 16.235 1420353957629
1 1041 24.020000000000003 21.4802002 16.235 1420353957729
1 1042 24.020000000000003 21.4802002 16.32 1420353957829
1 1043 24.020000000000003 21.4802002 16.065 1420353957929
2 1043 25.15 20.44094605 13.260000000000002 1420353957930
1 1044 24.009999999999998 21.4802002 16.235 1420353958029
1 1045 24.009999999999998 21.4802002 16.32 1420353958129
1 1046 24.009999999999998 21.4802002 16.490000000000002 1420353958229
2 1046 25.139999999999993 20.44094605 12.835 1420353958229
1 1047 24.020000000000003 21.4802002 16.405 1420353958329
2 1047 25.139999999999993 20.44094605 12.665000000000001 1420353958329
1 1048 24.020000000000003 21.4802002 16.490000000000002 1420353958429
1 1049 24.020000000000003 21.4802002 16.405 1420353958529
2 1049 25.15 20.44094605 12.24 1420353958529
1 1050 24.020000000000003 21.4802002 16.575000000000003 1420353958629
2 1050 25.15 20.44094605 12.07 1420353958629
1 1051 24.020000000000003 21.4802002 16.575000000000003 1420353958729
2 1051 25.160000000000004 20.44094605 12.325000000000001 1420353958729
1 1052 24.020000000000003 21.4802002 16.830000000000002 1420353958829
1 1053 24.03 21.4802002 16.575000000000003 1420353958930
1 1054 24.03 21.4802002 16.830000000000002 1420353959029
2 1054 25.15 20.44094605 12.325000000000001 1420353959029
1 1055 24.03 21.4802002 17.0 1420353959129
2 1055 25.15 20.44094605 12.495000000000001 1420353959129
1 1056 24.03 21.4802002 17.085 1420353959229
2 1056 25.15 20.44094605 12.41 1420353959229
1 1057 24.03 21.4802002 16.830000000000002 1420353959329
1 1058 24.03 21.4802002 16.745 1420353959429
1 1059 24.03 21.4802002 17.17 1420353959529
2 1059 25.15 20.44094605 12.41 1420353959529
1 1060 24.03 21.4802002 16.915000000000003 1420353959629
2 1060 25.15 20.44094605 12.495000000000001 1420353959629
1 1061 24.03 21.4802002 16.830000000000002 1420353959729
2 1061 25.15 20.44094605 12.495000000000001 1420353959729
1 1062 24.03 21.4802002 16.830000000000002 1420353959829
1 1063 24.03 21.4802002 16.830000000000002 1420353959929
2 1063 25.160000000000004 20.44094605 12.58 1420353959929
1 1064 24.03 21.4802002 16.745 1420353960029
2 1064 25.160000000000004 20.44094605 12.325000000000001 1420353960029
1 1065 24.03 21.4802002 16.745 1420353960129
2 1065 25.160000000000004 20.44094605 12.325000000000001 1420353960130
1 1066 24.04 21.4802002 16.575000000000003 1420353960229
2 1066 25.160000000000004 20.44094605 11.9 1420353960229
1 1067 24.04 21.4802002 16.745 1420353960329
1 1068 24.04 21.4802002 16.830000000000002 1420353960429
1 1069 24.04 21.4802002 16.915000000000003 1420353960529
1 1070 24.04 21.4802002 16.830000000000002 1420353960629
1 1071 24.04 21.4802002 16.66 1420353960729
2 1071 25.160000000000004 20.44094605 12.41 1420353960729
1 1072 24.04 21.4802002 16.830000000000002 1420353960829
1 1073 24.04 21.4802002 16.915000000000003 1420353960929
1 1074 24.04 21.4802002 16.830000000000002 1420353961029
1 1075 24.049999999999997 21.4802002 16.405 1420353961129
1 1076 24.049999999999997 21.4456046645 16.575000000000003 1420353961229
1 1077 24.049999999999997 21.4456046645 16.575000000000003 1420353961329
2 1077 25.169999999999995 20.44094605 12.41 1420353961329
1 1078 24.049999999999997 21.4456046645 16.830000000000002 1420353961429
2 1078 25.169999999999995 20.44094605 12.58 1420353961429
1 1079 24.049999999999997 21.411005938000002 16.915000000000003 1420353961529
1 1080 24.049999999999997 21.411005938000002 16.830000000000002 1420353961629
2 1080 25.160000000000004 20.4062547845 12.495000000000001 1420353961629
