1 1 24.049999999999997 21.411005938000002 16.32 1420353955779
1 2 24.060000000000002 21.411005938000002 16.150000000000002 1420353955829
1 3 24.060000000000002 21.411005938000002 16.150000000000002 1420353955879
1 4 24.060000000000002 21.411005938000002 15.98 1420353955929
2 4 25.169999999999995 20.4062547845 12.58 1420353955928
1 5 24.060000000000002 21.411005938000002 16.065 1420353955979
2 5 25.169999999999995 20.4062547845 12.750000000000002 1420353955978
1 6 24.060000000000002 21.411005938000002 15.98 1420353956029
1 7 24.060000000000002 21.411005938000002 15.81 1420353956079
1 9 24.060000000000002 21.411005938000002 15.64 1420353956179
1 10 24.060000000000002 21.411005938000002 15.81 1420353956229
1 11 24.060000000000002 21.411005938000002 15.64 1420353956279
2 11 25.169999999999995 20.371560328 12.920000000000002 1420353956278
1 12 24.060000000000002 21.411005938000002 15.555000000000001 1420353956329
2 13 25.169999999999995 20.371560328 13.005 1420353956378
1 14 24.07 21.411005938000002 15.64 1420353956429
2 14 25.169999999999995 20.371560328 12.920000000000002 1420353956428
1 15 24.07 21.411005938000002 15.98 1420353956479
1 16 24.07 21.411005938000002 15.81 1420353956529
1 17 24.07 21.411005938000002 15.895000000000001 1420353956579
1 18 24.07 21.411005938000002 15.725000000000001 1420353956629
1 19 24.07 21.411005938000002 15.98 1420353956679
1 20 24.060000000000002 21.411005938000002 15.725000000000001 1420353956729
1 21 24.060000000000002 21.411005938000002 15.98 1420353956779
2 21 25.169999999999995 20.371560328 13.090000000000002 1420353956778
1 22 24.060000000000002 21.411005938000002 15.895000000000001 1420353956829
1 23 24.060000000000002 21.411005938000002 16.065 1420353956879
2 23 25.169999999999995 20.371560328 12.835 1420353956878
1 24 24.060000000000002 21.411005938000002 15.98 1420353956929
1 25 24.060000000000002 21.411005938000002 16.065 1420353956979
2 25 25.169999999999995 20.371560328 12.750000000000002 1420353956978
1 26 24.060000000000002 21.411005938000002 16.065 1420353957029
1 27 24.060000000000002 21.411005938000002 16.065 1420353957079
1 28 24.060000000000002 21.411005938000002 16.235 1420353957129
1 29 24.060000000000002 21.411005938000002 16.065 1420353957179
2 29 25.18 20.371560328 13.090000000000002 1420353957178
1 30 24.060000000000002 21.411005938000002 15.895000000000001 1420353957229
1 31 24.060000000000002 21.411005938000002 15.895000000000001 1420353957279
1 32 24.08 21.411005938000002 15.98 1420353957329
1 33 24.08 21.411005938000002 15.555000000000001 1420353957379
1 34 24.08 21.411005938000002 15.895000000000001 1420353957429
1 35 24.08 21.411005938000002 15.81 1420353957479
1 36 24.08 21.411005938000002 15.895000000000001 1420353957529
2 36 25.190000000000005 20.371560328 13.090000000000002 1420353957528
1 37 24.08 21.411005938000002 16.065 1420353957579
1 38 24.08 21.411005938000002 16.065 1420353957629
1 39 24.07 21.411005938000002 16.150000000000002 1420353957679
1 40 24.07 21.411005938000002 15.895000000000001 1420353957729
2 40 25.18 20.302161842000004 13.005 1420353957728
1 41 24.07 21.411005938000002 15.98 1420353957779
1 42 24.07 21.411005938000002 15.98 1420353957829
1 43 24.07 21.411005938000002 15.895000000000001 1420353957879
1 44 24.07 21.411005938000002 16.065 1420353957929
1 45 24.08 21.411005938000002 15.81 1420353957979
2 45 25.18 20.302161842000004 12.750000000000002 1420353957978
1 46 24.08 21.411005938000002 15.98 1420353958029
1 47 24.08 21.411005938000002 16.235 1420353958079
1 48 24.08 21.411005938000002 16.065 1420353958129
2 48 25.18 20.302161842000004 13.005 1420353958128
1 49 24.08 21.411005938000002 15.64 1420353958179
1 50 24.08 21.411005938000002 15.81 1420353958229
1 51 24.07 21.411005938000002 16.150000000000002 1420353958279
1 52 24.07 21.411005938000002 16.065 1420353958329
2 52 25.190000000000005 20.3368626805 13.005 1420353958328
1 53 24.07 21.411005938000002 16.235 1420353958379
2 53 25.190000000000005 20.3368626805 12.920000000000002 1420353958378
1 54 24.07 21.411005938000002 15.895000000000001 1420353958429
2 54 25.18 20.3368626805 12.920000000000002 1420353958428
1 55 24.07 21.411005938000002 15.98 1420353958479
1 56 24.07 21.411005938000002 15.725000000000001 1420353958529
1 57 24.08 21.411005938000002 16.150000000000002 1420353958579
2 57 25.18 20.302161842000004 12.920000000000002 1420353958578
1 58 24.08 21.411005938000002 15.98 1420353958629
1 59 24.08 21.411005938000002 16.065 1420353958679
1 60 24.08 21.411005938000002 15.98 1420353958729
1 61 24.08 21.411005938000002 15.98 1420353958779
1 62 24.08 21.411005938000002 16.065 1420353958829
1 63 24.07 21.411005938000002 15.98 1420353958879
1 64 24.07 21.411005938000002 16.235 1420353958929
1 65 24.07 21.3764040205 15.895000000000001 1420353958979
1 66 24.07 21.3764040205 16.150000000000002 1420353959029
1 67 24.07 21.3764040205 16.235 1420353959079
1 68 24.07 21.3764040205 16.065 1420353959129
1 69 24.07 21.3764040205 16.150000000000002 1420353959179
1 70 24.08 21.3764040205 16.235 1420353959229
1 71 24.08 21.341798912 16.150000000000002 1420353959279
1 72 24.08 21.341798912 16.32 1420353959329
2 72 25.199999999999996 20.302161842000004 12.920000000000002 1420353959329
1 73 24.08 21.341798912 15.895000000000001 1420353959379
2 73 25.199999999999996 20.302161842000004 12.41 1420353959378
1 74 24.08 21.341798912 16.150000000000002 1420353959429
1 75 24.08 21.341798912 16.065 1420353959479
1 76 24.08 21.341798912 15.98 1420353959529
1 77 24.08 21.341798912 15.895000000000001 1420353959579
1 78 24.08 21.341798912 16.150000000000002 1420353959629
2 78 25.21 20.302161842000004 13.175 1420353959628
1 79 24.08 21.341798912 15.98 1420353959679
1 80 24.08 21.341798912 15.895000000000001 1420353959729
2 80 25.21 20.302161842000004 12.835 1420353959728
1 81 24.08 21.341798912 15.895000000000001 1420353959779
2 81 25.21 20.302161842000004 12.920000000000002 1420353959778
1 82 24.08 21.341798912 15.98 1420353959829
2 82 25.199999999999996 20.302161842000004 12.58 1420353959828
1 83 24.08 21.341798912 16.150000000000002 1420353959879
1 84 24.08 21.341798912 16.065 1420353959929
2 84 25.199999999999996 20.302161842000004 12.58 1420353959928
1 85 24.08 21.341798912 16.32 1420353959979
1 86 24.08 21.341798912 16.150000000000002 1420353960029
1 87 24.08 21.341798912 16.32 1420353960079
1 88 24.08 21.341798912 16.32 1420353960129
1 89 24.08 21.341798912 15.895000000000001 1420353960179
2 89 25.199999999999996 20.232750592000002 12.41 1420353960178
1 90 24.08 21.411005938000002 16.490000000000002 1420353960229
1 91 24.08 21.411005938000002 16.150000000000002 1420353960279
1 92 24.08 21.411005938000002 16.235 1420353960329
1 93 24.08 21.411005938000002 15.81 1420353960379
2 93 25.199999999999996 20.232750592000002 12.495000000000001 1420353960378
1 94 24.1 21.411005938000002 16.66 1420353960429
1 95 24.1 21.411005938000002 16.490000000000002 1420353960479
1 96 24.1 21.3764040205 16.405 1420353960529
2 96 25.199999999999996 20.232750592000002 12.41 1420353960528
1 97 24.1 21.3764040205 15.98 1420353960579
1 98 24.1 21.3764040205 16.32 1420353960629
2 98 25.199999999999996 20.232750592000002 12.750000000000002 1420353960628
1 99 24.1 21.3764040205 16.32 1420353960679
1 100 24.1 21.3764040205 16.32 1420353960729
1 101 24.1 21.3764040205 16.235 1420353960779
1 102 24.1 21.341798912 16.235 1420353960829
1 103 24.1 21.341798912 16.405 1420353960879
1 104 24.1 21.341798912 16.235 1420353960929
2 104 25.21 20.232750592000002 12.41 1420353960928
1 105 24.1 21.341798912 16.32 1420353960979
1 106 24.1 21.341798912 16.150000000000002 1420353961029
1 107 24.1 21.341798912 16.32 1420353961079
1 108 24.1 21.341798912 16.32 1420353961129
2 108 25.199999999999996 20.232750592000002 12.155000000000001 1420353961128
1 109 24.1 21.341798912 16.235 1420353961179
1 110 24.1 21.341798912 16.490000000000002 1420353961229
1 111 24.1 21.341798912 16.32 1420353961279
1 112 24.1 21.341798912 16.490000000000002 1420353961329
1 114 24.1 21.341798912 16.065 1420353961429
1 115 24.1 21.341798912 16.150000000000002 1420353961479
1 116 24.1 21.341798912 16.150000000000002 1420353961529
1 117 24.1 21.341798912 16.235 1420353961579
1 118 24.1 21.341798912 16.235 1420353961629
2 118 25.21 20.232750592000002 12.325000000000001 1420353961628
1 119 24.1 21.341798912 16.405 1420353961679
1 121 24.1 21.341798912 16.32 1420353961779
2 121 25.21 20.232750592000002 12.495000000000001 1420353961778
1 122 24.1 21.341798912 16.235 1420353961829
2 122 25.21 20.232750592000002 12.495000000000001 1420353961828
1 123 24.1 21.341798912 16.32 1420353961879
1 124 24.1 21.341798912 16.32 1420353961929
1 125 24.1 21.341798912 16.065 1420353961979
1 126 24.1 21.341798912 16.32 1420353962029
1 127 24.1 21.341798912 16.065 1420353962079
1 128 24.1 21.341798912 16.405 1420353962129
1 129 24.1 21.341798912 16.235 1420353962179
1 130 24.1 21.341798912 15.98 1420353962229
2 130 25.220000000000006 20.232750592000002 12.41 1420353962228
1 131 24.1 21.341798912 15.895000000000001 1420353962279
1 132 24.1 21.341798912 16.405 1420353962329
1 133 24.1 21.341798912 16.32 1420353962379
1 134 24.1 21.341798912 16.150000000000002 1420353962429
1 135 24.1 21.341798912 16.235 1420353962479
1 136 24.1 21.341798912 16.405 1420353962529
1 137 24.1 21.341798912 16.150000000000002 1420353962579
1 138 24.11 21.341798912 15.98 1420353962629
1 139 24.11 21.341798912 16.150000000000002 1420353962679
1 140 24.11 21.341798912 16.065 1420353962729
1 141 24.11 21.341798912 16.065 1420353962779
1 142 24.11 21.341798912 16.065 1420353962829
1 143 24.11 21.341798912 15.895000000000001 1420353962879
2 143 25.220000000000006 20.232750592000002 12.835 1420353962878
1 144 24.11 21.341798912 15.98 1420353962929
1 145 24.11 21.341798912 16.065 1420353962979
1 146 24.11 21.341798912 15.98 1420353963029
1 147 24.11 21.341798912 15.98 1420353963079
1 148 24.11 21.341798912 15.895000000000001 1420353963129
1 149 24.11 21.341798912 15.98 1420353963179
1 150 24.11 21.341798912 15.81 1420353963229
2 150 25.220000000000006 20.232750592000002 13.175 1420353963228
1 151 24.11 21.341798912 15.895000000000001 1420353963279
1 152 24.11 21.341798912 15.725000000000001 1420353963329
1 153 24.11 21.341798912 15.98 1420353963379
2 153 25.21 20.232750592000002 13.175 1420353963378
1 154 24.11 21.341798912 15.64 1420353963429
2 154 25.21 20.232750592000002 13.600000000000001 1420353963428
1 155 24.11 21.341798912 15.725000000000001 1420353963479
1 156 24.1 21.341798912 15.555000000000001 1420353963529
1 157 24.1 21.341798912 15.98 1420353963579
1 158 24.1 21.341798912 15.81 1420353963629
1 159 24.1 21.341798912 15.98 1420353963679
1 160 24.1 21.341798912 16.065 1420353963729
1 161 24.1 21.341798912 16.065 1420353963779
1 162 24.11 21.341798912 16.065 1420353963829
1 163 24.11 21.341798912 15.81 1420353963879
1 164 24.11 21.341798912 15.895000000000001 1420353963929
1 165 24.11 21.341798912 16.065 1420353963979
1 166 24.11 21.341798912 15.98 1420353964029
1 167 24.11 21.341798912 15.98 1420353964079
2 167 25.220000000000006 20.232750592000002 13.090000000000002 1420353964078
1 168 24.11 21.341798912 15.81 1420353964129
1 169 24.11 21.341798912 16.150000000000002 1420353964179
1 170 24.11 21.341798912 16.150000000000002 1420353964229
1 171 24.11 21.341798912 16.150000000000002 1420353964279
1 172 24.11 21.341798912 15.98 1420353964329
1 173 24.11 21.341798912 15.98 1420353964379
2 173 25.220000000000006 20.232750592000002 12.920000000000002 1420353964378
1 174 24.11 21.341798912 16.150000000000002 1420353964429
2 174 25.220000000000006 20.232750592000002 13.005 1420353964429
1 175 24.11 21.341798912 16.065 1420353964479
2 175 25.220000000000006 20.232750592000002 13.005 1420353964478
1 176 24.11 21.341798912 15.98 1420353964529
1 177 24.11 21.341798912 16.150000000000002 1420353964579
1 178 24.11 21.341798912 16.235 1420353964629
2 178 25.220000000000006 20.232750592000002 13.005 1420353964628
1 179 24.11 21.341798912 16.150000000000002 1420353964679
1 180 24.11 21.341798912 16.235 1420353964729
2 180 25.220000000000006 20.232750592000002 12.920000000000002 1420353964728
1 181 24.119999999999997 21.341798912 16.065 1420353964779
1 182 24.119999999999997 21.341798912 16.150000000000002 1420353964829
2 182 25.220000000000006 20.232750592000002 12.835 1420353964828
1 183 24.119999999999997 21.341798912 15.895000000000001 1420353964879
1 185 24.119999999999997 21.341798912 16.150000000000002 1420353964979
1 186 24.119999999999997 21.341798912 15.98 1420353965029
1 187 24.119999999999997 21.341798912 16.150000000000002 1420353965079
1 188 24.119999999999997 21.341798912 16.150000000000002 1420353965129
1 189 24.119999999999997 21.341798912 16.150000000000002 1420353965179
2 189 25.229999999999997 20.232750592000002 12.750000000000002 1420353965178
1 190 24.119999999999997 21.341798912 16.150000000000002 1420353965229
1 191 24.119999999999997 21.341798912 16.065 1420353965279
1 192 24.119999999999997 21.341798912 16.150000000000002 1420353965329
2 192 25.220000000000006 20.232750592000002 12.835 1420353965328
1 193 24.119999999999997 21.341798912 15.81 1420353965379
1 194 24.119999999999997 21.341798912 16.150000000000002 1420353965429
1 195 24.119999999999997 21.341798912 15.895000000000001 1420353965479
1 196 24.119999999999997 21.341798912 16.150000000000002 1420353965529
1 197 24.119999999999997 21.341798912 16.150000000000002 1420353965579
1 198 24.119999999999997 21.341798912 16.065 1420353965629
2 198 25.220000000000006 20.232750592000002 12.750000000000002 1420353965628
1 199 24.119999999999997 21.341798912 15.98 1420353965679
1 200 24.130000000000003 21.341798912 15.98 1420353965729
1 201 24.130000000000003 21.341798912 16.235 1420353965779
1 202 24.130000000000003 21.341798912 16.065 1420353965829
1 203 24.130000000000003 21.341798912 16.32 1420353965879
1 204 24.130000000000003 21.341798912 16.065 1420353965929
2 204 25.229999999999997 20.232750592000002 12.835 1420353965928
1 205 24.130000000000003 21.341798912 15.98 1420353965979
1 206 24.119999999999997 21.341798912 15.895000000000001 1420353966029
2 206 25.229999999999997 20.232750592000002 12.835 1420353966028
1 207 24.119999999999997 21.341798912 15.725000000000001 1420353966079
1 208 24.119999999999997 21.341798912 16.065 1420353966129
1 209 24.119999999999997 21.341798912 15.98 1420353966179
2 209 25.229999999999997 20.198040180499998 12.920000000000002 1420353966178
1 210 24.119999999999997 21.341798912 15.98 1420353966229
1 211 24.119999999999997 21.341798912 15.98 1420353966279
2 211 25.229999999999997 20.198040180499998 12.665000000000001 1420353966278
1 212 24.119999999999997 21.341798912 16.065 1420353966329
2 212 25.229999999999997 20.198040180499998 13.005 1420353966328
1 213 24.119999999999997 21.341798912 15.98 1420353966379
1 214 24.119999999999997 21.341798912 16.235 1420353966429
1 215 24.119999999999997 21.341798912 16.065 1420353966479
2 215 25.240000000000002 20.198040180499998 12.920000000000002 1420353966478
1 216 24.119999999999997 21.341798912 16.065 1420353966529
1 217 24.119999999999997 21.341798912 16.235 1420353966579
1 218 24.14 21.341798912 15.81 1420353966629
1 219 24.14 21.341798912 16.150000000000002 1420353966679
1 220 24.14 21.3071906125 15.98 1420353966729
2 220 25.249999999999993 20.232750592000002 12.835 1420353966728
1 221 24.14 21.3071906125 15.895000000000001 1420353966779
1 222 24.14 21.3071906125 16.065 1420353966829
1 223 24.14 21.3071906125 16.32 1420353966879
1 224 24.14 21.3071906125 15.98 1420353966929
1 225 24.14 21.3071906125 16.065 1420353966979
1 226 24.14 21.341798912 15.98 1420353967029
2 226 25.249999999999993 20.198040180499998 12.920000000000002 1420353967028
1 227 24.14 21.341798912 15.895000000000001 1420353967079
1 229 24.14 21.341798912 15.98 1420353967179
1 230 24.14 21.341798912 16.065 1420353967229
1 231 24.130000000000003 21.341798912 16.150000000000002 1420353967279
1 232 24.130000000000003 21.3071906125 15.98 1420353967329
1 233 24.130000000000003 21.3071906125 16.065 1420353967379
1 234 24.130000000000003 21.3071906125 16.065 1420353967429
2 234 25.249999999999993 20.163326578 12.58 1420353967428
1 235 24.130000000000003 21.3071906125 16.32 1420353967479
2 235 25.249999999999993 20.163326578 12.750000000000002 1420353967478
1 236 24.130000000000003 21.3071906125 15.64 1420353967529
1 237 24.130000000000003 21.3071906125 16.065 1420353967579
1 238 24.130000000000003 21.341798912 15.98 1420353967629
2 238 25.259999999999998 20.163326578 13.090000000000002 1420353967628
1 239 24.130000000000003 21.341798912 16.150000000000002 1420353967679
2 239 25.259999999999998 20.163326578 12.665000000000001 1420353967678
1 240 24.130000000000003 21.341798912 16.065 1420353967729
1 241 24.130000000000003 21.341798912 16.150000000000002 1420353967779
1 242 24.130000000000003 21.341798912 16.065 1420353967829
1 243 24.14 21.341798912 15.81 1420353967879
1 244 24.14 21.341798912 16.065 1420353967929
1 245 24.14 21.341798912 16.065 1420353967979
1 246 24.14 21.341798912 16.150000000000002 1420353968029
1 247 24.14 21.341798912 15.81 1420353968079
1 248 24.14 21.341798912 15.98 1420353968129
2 248 25.249999999999993 20.163326578 12.495000000000001 1420353968128
1 249 24.119999999999997 21.341798912 16.065 1420353968179
1 250 24.119999999999997 21.341798912 15.895000000000001 1420353968229
2 250 25.249999999999993 20.163326578 12.920000000000002 1420353968228
1 251 24.119999999999997 21.272579122000003 15.98 1420353968279
1 252 24.119999999999997 21.272579122000003 15.895000000000001 1420353968329
2 252 25.249999999999993 20.163326578 12.835 1420353968328
1 253 24.119999999999997 21.272579122000003 15.98 1420353968379
1 254 24.119999999999997 21.272579122000003 16.065 1420353968429
1 255 24.119999999999997 21.272579122000003 16.065 1420353968479
1 256 24.14 21.272579122000003 16.065 1420353968529
2 256 25.249999999999993 20.163326578 13.090000000000002 1420353968528
1 257 24.14 21.3071906125 16.065 1420353968579
1 258 24.14 21.3071906125 15.98 1420353968629
1 260 24.14 21.3071906125 15.98 1420353968729
2 260 25.249999999999993 20.163326578 13.175 1420353968728
1 261 24.14 21.3071906125 15.81 1420353968779
2 261 25.249999999999993 20.163326578 13.175 1420353968778
1 262 24.14 21.3071906125 15.895000000000001 1420353968829
2 262 25.249999999999993 20.163326578 13.090000000000002 1420353968828
1 263 24.14 21.341798912 15.895000000000001 1420353968879
1 264 24.14 21.341798912 15.725000000000001 1420353968929
2 264 25.259999999999998 20.163326578 13.260000000000002 1420353968928
1 265 24.14 21.341798912 15.725000000000001 1420353968979
1 266 24.14 21.341798912 15.81 1420353969029
1 267 24.14 21.341798912 15.725000000000001 1420353969079
2 267 25.259999999999998 20.163326578 13.430000000000001 1420353969078
1 268 24.15 21.341798912 15.64 1420353969129
1 269 24.15 21.341798912 15.895000000000001 1420353969179
1 270 24.15 21.341798912 15.725000000000001 1420353969229
1 271 24.15 21.341798912 15.47 1420353969279
2 271 25.270000000000003 20.198040180499998 13.175 1420353969278
1 272 24.15 21.341798912 15.47 1420353969329
1 273 24.15 21.341798912 15.98 1420353969379
1 274 24.14 21.341798912 15.725000000000001 1420353969429
2 274 25.270000000000003 20.198040180499998 13.260000000000002 1420353969428
1 275 24.14 21.341798912 15.64 1420353969479
1 276 24.14 21.272579122000003 15.64 1420353969529
2 276 25.259999999999998 20.198040180499998 13.345 1420353969529
1 277 24.14 21.272579122000003 15.725000000000001 1420353969579
1 278 24.14 21.272579122000003 15.895000000000001 1420353969629
2 278 25.259999999999998 20.198040180499998 13.260000000000002 1420353969628
1 279 24.14 21.272579122000003 15.47 1420353969679
1 280 24.15 21.272579122000003 15.895000000000001 1420353969729
1 281 24.15 21.272579122000003 15.895000000000001 1420353969779
1 282 24.15 21.3071906125 15.81 1420353969829
2 282 25.259999999999998 20.163326578 13.005 1420353969828
1 283 24.15 21.3071906125 15.555000000000001 1420353969879
1 284 24.15 21.3071906125 15.725000000000001 1420353969929
1 285 24.15 21.3071906125 15.895000000000001 1420353969979
2 285 25.259999999999998 20.163326578 13.090000000000002 1420353969978
1 286 24.15 21.3071906125 15.895000000000001 1420353970029
1 287 24.14 21.3071906125 16.065 1420353970079
2 287 25.270000000000003 20.163326578 13.090000000000002 1420353970078
1 288 24.14 21.272579122000003 16.065 1420353970129
2 288 25.270000000000003 20.198040180499998 12.920000000000002 1420353970128
1 289 24.14 21.272579122000003 15.64 1420353970179
1 290 24.14 21.272579122000003 15.81 1420353970229
1 291 24.14 21.272579122000003 15.81 1420353970279
1 292 24.14 21.272579122000003 16.065 1420353970329
1 293 24.159999999999997 21.272579122000003 15.81 1420353970379
2 293 25.259999999999998 20.198040180499998 12.920000000000002 1420353970378
1 294 24.159999999999997 21.272579122000003 15.895000000000001 1420353970429
1 295 24.159999999999997 21.272579122000003 15.895000000000001 1420353970479
1 296 24.159999999999997 21.272579122000003 16.150000000000002 1420353970529
1 297 24.159999999999997 21.272579122000003 15.725000000000001 1420353970579
1 298 24.159999999999997 21.272579122000003 15.81 1420353970629
1 299 24.15 21.272579122000003 15.725000000000001 1420353970679
1 300 24.15 21.341798912 15.895000000000001 1420353970729
2 300 25.270000000000003 20.163326578 12.920000000000002 1420353970728
1 301 24.15 21.341798912 15.895000000000001 1420353970779
1 302 24.15 21.341798912 15.385000000000002 1420353970829
1 303 24.15 21.341798912 15.98 1420353970879
1 304 24.15 21.341798912 15.895000000000001 1420353970929
1 305 24.159999999999997 21.341798912 15.98 1420353970979
1 306 24.159999999999997 21.341798912 15.895000000000001 1420353971029
2 306 25.270000000000003 20.163326578 12.835 1420353971028
1 307 24.159999999999997 21.272579122000003 15.725000000000001 1420353971079
2 307 25.270000000000003 20.163326578 12.835 1420353971078
1 308 24.159999999999997 21.272579122000003 15.81 1420353971129
2 308 25.270000000000003 20.163326578 13.090000000000002 1420353971128
1 309 24.159999999999997 21.272579122000003 15.81 1420353971179
1 310 24.159999999999997 21.272579122000003 15.81 1420353971229
2 310 25.270000000000003 20.163326578 13.005 1420353971228
1 311 24.159999999999997 21.272579122000003 15.81 1420353971279
1 312 24.159999999999997 21.272579122000003 15.81 1420353971329
1 313 24.159999999999997 21.272579122000003 15.555000000000001 1420353971379
2 313 25.270000000000003 20.163326578 13.430000000000001 1420353971378
1 314 24.159999999999997 21.272579122000003 15.725000000000001 1420353971429
1 315 24.159999999999997 21.272579122000003 15.555000000000001 1420353971479
1 316 24.159999999999997 21.272579122000003 15.555000000000001 1420353971529
2 316 25.279999999999994 20.198040180499998 13.005 1420353971528
1 317 24.159999999999997 21.272579122000003 15.895000000000001 1420353971579
1 318 24.159999999999997 21.272579122000003 15.555000000000001 1420353971629
1 319 24.159999999999997 21.3071906125 15.81 1420353971679
2 319 25.279999999999994 20.198040180499998 12.920000000000002 1420353971678
1 320 24.159999999999997 21.3071906125 15.81 1420353971729
2 320 25.279999999999994 20.198040180499998 12.920000000000002 1420353971728
1 321 24.159999999999997 21.3071906125 15.81 1420353971779
1 322 24.159999999999997 21.3071906125 15.895000000000001 1420353971829
1 323 24.159999999999997 21.3071906125 15.385000000000002 1420353971879
1 324 24.159999999999997 21.3071906125 15.64 1420353971929
1 325 24.159999999999997 21.272579122000003 15.725000000000001 1420353971979
1 326 24.159999999999997 21.272579122000003 15.725000000000001 1420353972029
1 327 24.159999999999997 21.272579122000003 15.47 1420353972079
1 328 24.159999999999997 21.272579122000003 15.81 1420353972129
1 329 24.159999999999997 21.272579122000003 15.81 1420353972179
2 329 25.270000000000003 20.198040180499998 13.090000000000002 1420353972178
1 330 24.159999999999997 21.272579122000003 15.81 1420353972229
1 331 24.159999999999997 21.272579122000003 15.725000000000001 1420353972279
2 331 25.270000000000003 20.198040180499998 13.005 1420353972278
1 332 24.159999999999997 21.272579122000003 15.81 1420353972329
2 332 25.279999999999994 20.198040180499998 12.665000000000001 1420353972328
1 333 24.159999999999997 21.272579122000003 15.555000000000001 1420353972379
2 333 25.279999999999994 20.163326578 12.835 1420353972378
1 334 24.159999999999997 21.272579122000003 15.81 1420353972429
2 334 25.279999999999994 20.163326578 12.920000000000002 1420353972428
1 335 24.159999999999997 21.272579122000003 15.895000000000001 1420353972479
1 336 24.159999999999997 21.272579122000003 15.725000000000001 1420353972529
2 336 25.279999999999994 20.163326578 12.835 1420353972528
1 337 24.159999999999997 21.272579122000003 15.895000000000001 1420353972579
1 338 24.159999999999997 21.272579122000003 15.81 1420353972629
1 339 24.159999999999997 21.272579122000003 15.98 1420353972679
2 339 25.279999999999994 20.232750592000002 12.41 1420353972678
1 340 24.159999999999997 21.272579122000003 15.555000000000001 1420353972729
1 342 24.159999999999997 21.272579122000003 15.98 1420353972829
1 343 24.159999999999997 21.272579122000003 15.81 1420353972879
1 344 24.159999999999997 21.272579122000003 15.895000000000001 1420353972929
2 344 25.279999999999994 20.232750592000002 12.750000000000002 1420353972928
1 345 24.159999999999997 21.272579122000003 15.81 1420353972979
2 345 25.279999999999994 20.198040180499998 12.835 1420353972978
1 346 24.159999999999997 21.272579122000003 15.895000000000001 1420353973029
2 346 25.279999999999994 20.198040180499998 12.750000000000002 1420353973028
1 347 24.159999999999997 21.272579122000003 15.725000000000001 1420353973079
1 348 24.159999999999997 21.272579122000003 15.81 1420353973129
2 348 25.279999999999994 20.198040180499998 12.41 1420353973128
1 349 24.159999999999997 21.272579122000003 15.895000000000001 1420353973179
1 350 24.159999999999997 21.272579122000003 15.98 1420353973229
1 351 24.159999999999997 21.272579122000003 15.98 1420353973279
1 352 24.159999999999997 21.272579122000003 15.81 1420353973329
1 353 24.159999999999997 21.272579122000003 16.150000000000002 1420353973379
1 354 24.159999999999997 21.272579122000003 15.98 1420353973429
1 355 24.17 21.272579122000003 15.895000000000001 1420353973479
1 357 24.17 21.272579122000003 15.895000000000001 1420353973579
1 358 24.17 21.272579122000003 16.150000000000002 1420353973629
1 360 24.17 21.272579122000003 16.150000000000002 1420353973729
2 360 25.279999999999994 20.163326578 12.665000000000001 1420353973728
1 361 24.17 21.272579122000003 15.98 1420353973779
1 362 24.17 21.272579122000003 16.065 1420353973829
2 362 25.279999999999994 20.198040180499998 12.750000000000002 1420353973828
1 363 24.17 21.272579122000003 16.065 1420353973879
1 364 24.17 21.272579122000003 16.150000000000002 1420353973929
1 365 24.17 21.272579122000003 16.490000000000002 1420353973979
1 366 24.17 21.272579122000003 16.065 1420353974029
2 366 25.279999999999994 20.198040180499998 12.41 1420353974028
1 367 24.17 21.272579122000003 16.065 1420353974079
1 368 24.17 21.272579122000003 16.150000000000002 1420353974130
2 368 25.279999999999994 20.163326578 12.41 1420353974128
1 369 24.17 21.272579122000003 16.150000000000002 1420353974179
1 370 24.17 21.272579122000003 15.98 1420353974229
1 371 24.17 21.272579122000003 16.235 1420353974279
1 372 24.17 21.272579122000003 15.895000000000001 1420353974329
1 373 24.17 21.272579122000003 16.150000000000002 1420353974379
1 374 24.17 21.272579122000003 16.065 1420353974429
1 375 24.17 21.272579122000003 15.98 1420353974479
1 376 24.17 21.272579122000003 16.235 1420353974529
1 377 24.17 21.272579122000003 16.235 1420353974579
2 377 25.300000000000004 20.163326578 12.665000000000001 1420353974578
1 378 24.17 21.272579122000003 16.235 1420353974629
2 378 25.300000000000004 20.163326578 12.495000000000001 1420353974628
1 379 24.18 21.272579122000003 15.3 1420353974680
2 379 25.300000000000004 20.163326578 12.58 1420353974678
1 380 24.18 21.272579122000003 16.065 1420353974729
1 381 24.18 21.272579122000003 16.150000000000002 1420353974779
1 382 24.18 21.272579122000003 16.235 1420353974829
1 383 24.18 21.272579122000003 16.065 1420353974879
2 383 25.29 20.163326578 12.495000000000001 1420353974878
1 384 24.18 21.272579122000003 15.98 1420353974929
2 384 25.29 20.163326578 12.325000000000001 1420353974928
1 385 24.18 21.272579122000003 16.150000000000002 1420353974979
1 386 24.18 21.272579122000003 16.065 1420353975029
1 387 24.18 21.272579122000003 16.32 1420353975079
1 388 24.18 21.272579122000003 16.065 1420353975129
1 389 24.18 21.272579122000003 16.235 1420353975179
1 390 24.18 21.272579122000003 15.98 1420353975229
1 391 24.18 21.272579122000003 15.98 1420353975279
1 392 24.18 21.272579122000003 16.150000000000002 1420353975329
1 393 24.18 21.272579122000003 15.98 1420353975379
1 394 24.18 21.272579122000003 16.150000000000002 1420353975429
1 395 24.18 21.272579122000003 16.150000000000002 1420353975479
1 396 24.18 21.272579122000003 16.150000000000002 1420353975529
1 397 24.18 21.272579122000003 15.98 1420353975579
2 397 25.300000000000004 20.163326578 12.495000000000001 1420353975578
1 398 24.18 21.272579122000003 16.150000000000002 1420353975629
1 399 24.18 21.3071906125 16.235 1420353975679
1 400 24.18 21.3071906125 16.065 1420353975729
2 400 25.300000000000004 20.163326578 12.325000000000001 1420353975728
1 401 24.18 21.3071906125 16.065 1420353975779
2 401 25.300000000000004 20.232750592000002 12.41 1420353975778
1 402 24.18 21.3071906125 15.895000000000001 1420353975829
2 402 25.300000000000004 20.232750592000002 12.495000000000001 1420353975828
1 404 24.18 21.3071906125 16.065 1420353975929
2 404 25.300000000000004 20.232750592000002 12.495000000000001 1420353975928
1 405 24.18 21.3071906125 16.32 1420353975979
1 406 24.18 21.3071906125 16.150000000000002 1420353976029
1 407 24.18 21.3071906125 16.150000000000002 1420353976079
2 407 25.300000000000004 20.232750592000002 12.495000000000001 1420353976078
1 408 24.18 21.3071906125 16.235 1420353976129
1 409 24.18 21.3071906125 15.895000000000001 1420353976179
1 410 24.18 21.3071906125 16.150000000000002 1420353976229
2 410 25.300000000000004 20.232750592000002 12.41 1420353976228
1 411 24.18 21.3071906125 16.065 1420353976279
1 412 24.18 21.341798912 16.150000000000002 1420353976329
1 413 24.18 21.341798912 16.150000000000002 1420353976379
1 414 24.18 21.341798912 16.150000000000002 1420353976429
2 414 25.300000000000004 20.232750592000002 12.41 1420353976428
1 415 24.18 21.341798912 15.895000000000001 1420353976479
1 416 24.18 21.341798912 16.065 1420353976529
1 417 24.18 21.341798912 16.32 1420353976579
1 418 24.18 21.341798912 15.81 1420353976629
1 419 24.18 21.341798912 16.235 1420353976679
1 420 24.18 21.341798912 16.065 1420353976729
2 420 25.309999999999995 20.267457812500002 12.41 1420353976728
1 421 24.18 21.341798912 15.81 1420353976779
1 422 24.18 21.341798912 16.065 1420353976829
1 423 24.189999999999998 21.341798912 16.150000000000002 1420353976879
1 424 24.189999999999998 21.341798912 16.065 1420353976929
2 424 25.300000000000004 20.302161842000004 12.58 1420353976928
1 425 24.189999999999998 21.341798912 16.575000000000003 1420353976979
2 425 25.300000000000004 20.302161842000004 12.325000000000001 1420353976978
1 426 24.189999999999998 21.341798912 15.98 1420353977029
2 426 25.300000000000004 20.302161842000004 12.58 1420353977028
1 427 24.189999999999998 21.341798912 15.64 1420353977079
1 428 24.189999999999998 21.341798912 15.385000000000002 1420353977129
1 429 24.189999999999998 21.341798912 15.64 1420353977179
1 430 24.189999999999998 21.411005938000002 16.32 1420353977229
2 430 25.29 20.371560328 12.41 1420353977228
1 431 24.189999999999998 21.411005938000002 16.065 1420353977279
2 431 25.29 20.371560328 12.58 1420353977278
1 432 24.189999999999998 21.411005938000002 16.150000000000002 1420353977329
2 432 25.29 20.371560328 12.495000000000001 1420353977328
1 433 24.189999999999998 21.411005938000002 15.895000000000001 1420353977379
1 434 24.189999999999998 21.411005938000002 15.895000000000001 1420353977429
2 434 25.300000000000004 20.371560328 12.325000000000001 1420353977428
1 435 24.18 21.411005938000002 16.150000000000002 1420353977479
1 436 24.18 21.411005938000002 15.81 1420353977529
1 437 24.18 21.3764040205 16.150000000000002 1420353977579
2 437 25.300000000000004 20.371560328 12.41 1420353977578
1 438 24.18 21.3764040205 16.150000000000002 1420353977629
1 439 24.18 21.3764040205 16.235 1420353977679
1 440 24.18 21.3764040205 15.98 1420353977729
1 441 24.200000000000003 21.3764040205 16.150000000000002 1420353977779
2 441 25.300000000000004 20.4062547845 12.41 1420353977778
1 442 24.200000000000003 21.3764040205 16.065 1420353977829
1 443 24.200000000000003 21.411005938000002 15.895000000000001 1420353977879
2 443 25.300000000000004 20.4062547845 12.325000000000001 1420353977878
1 444 24.200000000000003 21.411005938000002 16.150000000000002 1420353977929
1 445 24.200000000000003 21.411005938000002 15.98 1420353977979
1 446 24.200000000000003 21.411005938000002 16.235 1420353978029
1 447 24.200000000000003 21.411005938000002 16.065 1420353978079
2 448 25.300000000000004 20.44094605 12.41 1420353978128
1 449 24.21 21.411005938000002 16.065 1420353978179
1 450 24.21 21.411005938000002 16.235 1420353978229
2 450 25.300000000000004 20.44094605 12.41 1420353978228
1 452 24.21 21.411005938000002 15.98 1420353978329
1 453 24.21 21.411005938000002 16.065 1420353978379
1 454 24.200000000000003 21.411005938000002 15.98 1420353978429
1 455 24.200000000000003 21.3764040205 16.32 1420353978479
2 455 25.32 20.510319008 12.665000000000001 1420353978478
1 456 24.200000000000003 21.3764040205 16.065 1420353978529
1 457 24.200000000000003 21.3764040205 15.895000000000001 1420353978579
2 457 25.309999999999995 20.510319008 12.325000000000001 1420353978578
1 458 24.200000000000003 21.3764040205 16.235 1420353978629
1 459 24.200000000000003 21.3764040205 16.065 1420353978679
2 459 25.309999999999995 20.5450007005 12.24 1420353978678
1 460 24.21 21.3764040205 16.150000000000002 1420353978729
2 460 25.309999999999995 20.5450007005 12.920000000000002 1420353978728
1 461 24.21 21.411005938000002 16.235 1420353978779
2 461 25.309999999999995 20.5450007005 12.41 1420353978778
1 462 24.21 21.411005938000002 16.235 1420353978829
2 462 25.309999999999995 20.5450007005 12.495000000000001 1420353978828
1 463 24.21 21.411005938000002 15.98 1420353978879
2 463 25.309999999999995 20.5450007005 12.41 1420353978878
1 464 24.21 21.411005938000002 16.235 1420353978929
1 465 24.21 21.411005938000002 16.235 1420353978979
1 466 24.21 21.411005938000002 15.895000000000001 1420353979029
2 466 25.309999999999995 20.579679202 12.24 1420353979028
1 467 24.21 21.411005938000002 15.98 1420353979079
2 467 25.309999999999995 20.579679202 12.58 1420353979078
1 468 24.21 21.411005938000002 15.895000000000001 1420353979129
2 468 25.309999999999995 20.579679202 12.155000000000001 1420353979128
1 469 24.21 21.411005938000002 16.235 1420353979179
2 469 25.309999999999995 20.649026631999998 13.005 1420353979178
1 470 24.21 21.411005938000002 16.065 1420353979229
1 471 24.21 21.411005938000002 16.235 1420353979279
1 472 24.21 21.411005938000002 16.490000000000002 1420353979329
2 472 25.309999999999995 20.649026631999998 12.325000000000001 1420353979328
1 473 24.21 21.411005938000002 16.490000000000002 1420353979379
2 473 25.309999999999995 20.649026631999998 13.005 1420353979378
1 474 24.21 21.411005938000002 16.235 1420353979429
1 475 24.21 21.411005938000002 16.235 1420353979479
2 475 25.32 20.718361298 12.920000000000002 1420353979478
1 476 24.21 21.411005938000002 16.490000000000002 1420353979529
1 477 24.21 21.411005938000002 15.98 1420353979579
2 477 25.32 20.718361298 12.58 1420353979578
1 478 24.21 21.411005938000002 16.235 1420353979629
1 479 24.21 21.411005938000002 16.065 1420353979679
1 480 24.21 21.341798912 16.150000000000002 1420353979729
1 481 24.21 21.341798912 15.98 1420353979779
1 482 24.21 21.341798912 15.895000000000001 1420353979829
1 483 24.21 21.341798912 16.150000000000002 1420353979879
2 483 25.32 20.718361298 12.41 1420353979878
1 485 24.200000000000003 21.341798912 16.150000000000002 1420353979979
1 486 24.200000000000003 21.3764040205 16.490000000000002 1420353980029
2 486 25.32 20.787683200000004 12.325000000000001 1420353980028
1 487 24.200000000000003 21.3764040205 16.745 1420353980079
2 487 25.32 20.787683200000004 12.495000000000001 1420353980078
1 488 24.200000000000003 21.3764040205 16.235 1420353980129
2 488 25.32 20.787683200000004 12.325000000000001 1420353980128
1 489 24.200000000000003 21.3764040205 16.235 1420353980179
1 490 24.200000000000003 21.3764040205 16.235 1420353980229
2 490 25.32 20.787683200000004 12.325000000000001 1420353980228
1 491 24.22 21.3764040205 16.065 1420353980279
1 492 24.22 21.3764040205 16.745 1420353980329
2 492 25.32 20.822339364500003 12.58 1420353980328
1 493 24.22 21.411005938000002 16.065 1420353980379
1 494 24.22 21.411005938000002 16.150000000000002 1420353980429
1 495 24.22 21.411005938000002 16.065 1420353980479
1 496 24.22 21.411005938000002 16.150000000000002 1420353980529
2 496 25.330000000000005 20.822339364500003 12.41 1420353980528
1 497 24.22 21.411005938000002 16.065 1420353980579
2 497 25.330000000000005 20.822339364500003 12.58 1420353980578
1 498 24.22 21.411005938000002 16.235 1420353980629
1 499 24.22 21.3764040205 16.235 1420353980679
1 500 24.22 21.3764040205 16.150000000000002 1420353980729
1 501 24.22 21.3764040205 16.150000000000002 1420353980779
2 501 25.330000000000005 20.856992338 12.58 1420353980778
1 502 24.22 21.3764040205 16.150000000000002 1420353980829
1 503 24.22 21.3764040205 15.725000000000001 1420353980879
2 503 25.339999999999996 20.856992338 12.665000000000001 1420353980878
1 504 24.22 21.3764040205 16.150000000000002 1420353980929
1 505 24.22 21.411005938000002 16.32 1420353980979
1 506 24.22 21.411005938000002 16.150000000000002 1420353981029
1 507 24.22 21.411005938000002 16.490000000000002 1420353981079
2 507 25.339999999999996 20.856992338 12.24 1420353981078
1 508 24.22 21.411005938000002 16.745 1420353981129
2 508 25.32 20.856992338 12.325000000000001 1420353981128
1 509 24.22 21.411005938000002 16.235 1420353981179
1 510 24.22 21.411005938000002 16.065 1420353981229
1 511 24.22 21.341798912 16.065 1420353981279
2 511 25.32 20.856992338 12.41 1420353981278
1 512 24.22 21.341798912 16.235 1420353981329
1 513 24.22 21.341798912 16.235 1420353981379
1 514 24.22 21.341798912 15.98 1420353981429
1 515 24.22 21.341798912 16.150000000000002 1420353981479
2 515 25.339999999999996 20.891642120500002 12.58 1420353981478
1 517 24.22 21.3764040205 16.065 1420353981579
1 518 24.22 21.3764040205 15.895000000000001 1420353981629
2 518 25.339999999999996 20.891642120500002 12.58 1420353981628
1 519 24.22 21.3764040205 16.235 1420353981679
2 519 25.330000000000005 20.891642120500002 12.58 1420353981678
1 520 24.22 21.3764040205 16.235 1420353981729
1 522 24.22 21.3764040205 16.150000000000002 1420353981829
2 522 25.330000000000005 20.891642120500002 12.325000000000001 1420353981828
1 523 24.22 21.341798912 16.235 1420353981880
2 523 25.330000000000005 20.891642120500002 13.175 1420353981878
1 524 24.22 21.341798912 16.235 1420353981929
1 525 24.22 21.341798912 16.150000000000002 1420353981979
2 525 25.339999999999996 20.891642120500002 12.58 1420353981978
1 526 24.22 21.341798912 16.150000000000002 1420353982029
1 527 24.22 21.341798912 16.150000000000002 1420353982079
1 528 24.22 21.341798912 16.235 1420353982129
1 529 24.22 21.341798912 16.150000000000002 1420353982179
1 530 24.22 21.341798912 16.235 1420353982229
1 531 24.22 21.341798912 16.490000000000002 1420353982279
1 532 24.22 21.341798912 16.490000000000002 1420353982329
1 533 24.22 21.341798912 16.405 1420353982379
1 534 24.22 21.341798912 16.150000000000002 1420353982429
2 534 25.339999999999996 20.926288712 12.07 1420353982428
1 535 24.229999999999997 21.341798912 16.32 1420353982479
1 536 24.229999999999997 21.341798912 16.235 1420353982529
1 537 24.229999999999997 21.341798912 16.32 1420353982579
1 538 24.229999999999997 21.341798912 16.32 1420353982629
1 539 24.229999999999997 21.341798912 16.405 1420353982679
1 540 24.229999999999997 21.341798912 16.405 1420353982729
1 541 24.22 21.341798912 16.490000000000002 1420353982779
2 541 25.339999999999996 20.926288712 12.325000000000001 1420353982778
1 542 24.22 21.341798912 17.085 1420353982829
1 543 24.22 21.341798912 16.235 1420353982879
1 544 24.22 21.341798912 16.405 1420353982929
1 545 24.22 21.341798912 16.235 1420353982979
1 546 24.22 21.341798912 16.575000000000003 1420353983029
1 547 24.229999999999997 21.341798912 16.32 1420353983079
1 548 24.229999999999997 21.341798912 16.575000000000003 1420353983129
2 548 25.339999999999996 20.926288712 12.24 1420353983129
1 549 24.229999999999997 21.341798912 16.830000000000002 1420353983179
2 549 25.339999999999996 20.926288712 12.155000000000001 1420353983178
1 550 24.229999999999997 21.341798912 16.405 1420353983229
2 550 25.339999999999996 20.926288712 12.58 1420353983228
1 552 24.229999999999997 21.341798912 16.32 1420353983329
2 552 25.339999999999996 20.926288712 12.155000000000001 1420353983328
1 553 24.229999999999997 21.341798912 16.490000000000002 1420353983379
1 554 24.229999999999997 21.341798912 16.32 1420353983429
1 555 24.229999999999997 21.341798912 16.490000000000002 1420353983479
1 556 24.229999999999997 21.341798912 16.235 1420353983529
2 556 25.35 20.926288712 12.41 1420353983528
1 557 24.229999999999997 21.341798912 16.66 1420353983579
1 558 24.229999999999997 21.341798912 16.490000000000002 1420353983629
1 559 24.240000000000002 21.341798912 16.490000000000002 1420353983679
1 560 24.240000000000002 21.341798912 16.32 1420353983729
1 561 24.240000000000002 21.341798912 16.32 1420353983779
2 561 25.339999999999996 20.926288712 12.24 1420353983778
1 562 24.240000000000002 21.341798912 16.490000000000002 1420353983829
2 562 25.339999999999996 20.926288712 12.41 1420353983828
1 563 24.240000000000002 21.341798912 16.575000000000003 1420353983879
2 563 25.339999999999996 20.926288712 12.325000000000001 1420353983878
1 564 24.240000000000002 21.341798912 16.66 1420353983929
2 564 25.339999999999996 20.926288712 12.495000000000001 1420353983928
1 565 24.240000000000002 21.341798912 16.405 1420353983979
1 566 24.229999999999997 21.341798912 16.490000000000002 1420353984029
2 566 25.339999999999996 20.926288712 12.325000000000001 1420353984028
1 567 24.229999999999997 21.341798912 16.830000000000002 1420353984079
1 569 24.229999999999997 21.341798912 16.405 1420353984179
1 570 24.229999999999997 21.341798912 16.32 1420353984229
1 571 24.229999999999997 21.341798912 16.490000000000002 1420353984279
2 571 25.339999999999996 20.926288712 12.325000000000001 1420353984278
1 572 24.229999999999997 21.341798912 16.405 1420353984329
1 573 24.229999999999997 21.341798912 16.490000000000002 1420353984379
2 573 25.339999999999996 20.926288712 12.155000000000001 1420353984378
1 574 24.229999999999997 21.341798912 15.98 1420353984429
1 575 24.229999999999997 21.341798912 16.66 1420353984479
2 575 25.339999999999996 20.926288712 11.815000000000001 1420353984478
1 576 24.229999999999997 21.341798912 16.150000000000002 1420353984529
1 577 24.229999999999997 21.341798912 16.66 1420353984579
1 578 24.240000000000002 21.341798912 16.32 1420353984629
1 579 24.240000000000002 21.341798912 16.405 1420353984679
1 580 24.240000000000002 21.341798912 16.405 1420353984729
1 581 24.240000000000002 21.341798912 16.490000000000002 1420353984779
2 581 25.35 20.926288712 12.07 1420353984778
1 582 24.240000000000002 21.341798912 16.32 1420353984829
1 583 24.240000000000002 21.341798912 16.66 1420353984879
2 583 25.35 20.926288712 12.24 1420353984878
1 585 24.240000000000002 21.341798912 16.235 1420353984979
1 586 24.240000000000002 21.341798912 16.150000000000002 1420353985029
2 586 25.35 20.926288712 12.24 1420353985028
1 587 24.240000000000002 21.341798912 15.81 1420353985079
1 588 24.240000000000002 21.341798912 15.98 1420353985129
2 588 25.35 20.856992338 12.58 1420353985128
1 589 24.240000000000002 21.341798912 16.150000000000002 1420353985179
1 590 24.240000000000002 21.341798912 16.065 1420353985229
2 590 25.35 20.856992338 12.41 1420353985228
1 591 24.240000000000002 21.341798912 15.98 1420353985279
1 592 24.240000000000002 21.341798912 16.150000000000002 1420353985329
1 593 24.240000000000002 21.341798912 15.895000000000001 1420353985379
1 594 24.240000000000002 21.341798912 15.98 1420353985429
1 595 24.240000000000002 21.341798912 15.895000000000001 1420353985479
1 596 24.240000000000002 21.341798912 16.065 1420353985529
1 597 24.240000000000002 21.341798912 15.98 1420353985579
1 598 24.240000000000002 21.341798912 16.065 1420353985629
1 599 24.240000000000002 21.341798912 15.81 1420353985679
2 599 25.35 20.856992338 12.495000000000001 1420353985678
1 600 24.240000000000002 21.341798912 16.065 1420353985729
2 600 25.35 20.856992338 12.325000000000001 1420353985728
1 601 24.240000000000002 21.341798912 15.725000000000001 1420353985779
1 602 24.240000000000002 21.341798912 16.065 1420353985829
1 603 24.240000000000002 21.341798912 16.150000000000002 1420353985879
1 604 24.240000000000002 21.341798912 16.065 1420353985929
1 605 24.240000000000002 21.341798912 16.405 1420353985979
1 606 24.240000000000002 21.341798912 16.32 1420353986029
1 607 24.240000000000002 21.341798912 16.405 1420353986079
1 608 24.240000000000002 21.341798912 16.235 1420353986129
1 609 24.240000000000002 21.341798912 16.235 1420353986179
1 610 24.240000000000002 21.3071906125 16.235 1420353986229
1 611 24.240000000000002 21.3071906125 16.235 1420353986279
1 612 24.240000000000002 21.3071906125 16.405 1420353986329
2 612 25.35 20.787683200000004 12.58 1420353986328
1 613 24.240000000000002 21.3071906125 16.150000000000002 1420353986379
1 614 24.240000000000002 21.3071906125 16.32 1420353986429
1 615 24.25 21.3071906125 16.235 1420353986479
2 615 25.35 20.787683200000004 11.475000000000001 1420353986478
1 616 24.25 21.3071906125 16.235 1420353986529
1 617 24.25 21.341798912 16.32 1420353986579
2 617 25.35 20.787683200000004 12.41 1420353986578
1 618 24.25 21.341798912 16.32 1420353986629
2 618 25.35 20.787683200000004 12.24 1420353986628
1 619 24.25 21.341798912 16.32 1420353986679
2 619 25.35 20.787683200000004 12.41 1420353986678
1 620 24.25 21.341798912 16.32 1420353986729
1 621 24.25 21.341798912 16.235 1420353986779
1 622 24.25 21.341798912 16.32 1420353986829
1 623 24.25 21.3071906125 16.66 1420353986879
1 624 24.25 21.3071906125 16.32 1420353986929
1 625 24.25 21.3071906125 16.235 1420353986979
1 626 24.25 21.3071906125 16.150000000000002 1420353987029
2 626 25.360000000000007 20.787683200000004 12.24 1420353987028
1 627 24.25 21.3071906125 16.065 1420353987079
1 628 24.25 21.3071906125 16.32 1420353987129
1 629 24.25 21.272579122000003 16.235 1420353987179
1 630 24.25 21.272579122000003 16.32 1420353987229
1 631 24.25 21.272579122000003 16.32 1420353987279
1 634 24.25 21.272579122000003 16.32 1420353987429
1 635 24.25 21.272579122000003 16.405 1420353987479
2 635 25.360000000000007 20.718361298 12.41 1420353987478
1 636 24.25 21.272579122000003 16.32 1420353987529
1 637 24.25 21.272579122000003 16.32 1420353987579
1 639 24.25 21.272579122000003 16.405 1420353987679
2 639 25.369999999999997 20.718361298 12.325000000000001 1420353987678
1 640 24.25 21.272579122000003 16.32 1420353987729
1 641 24.25 21.272579122000003 16.32 1420353987779
2 641 25.369999999999997 20.649026631999998 12.41 1420353987778
1 642 24.25 21.272579122000003 16.405 1420353987829
1 643 24.25 21.272579122000003 16.235 1420353987879
1 644 24.25 21.272579122000003 16.490000000000002 1420353987929
2 644 25.360000000000007 20.649026631999998 12.325000000000001 1420353987928
1 645 24.25 21.272579122000003 16.150000000000002 1420353987979
1 646 24.25 21.272579122000003 16.405 1420353988029
