1 1 24.259999999999998 21.272579122000003 16.32 1420353956228
2 1 25.380000000000003 20.579679202 12.665000000000001 1420353956229
1 2 24.259999999999998 21.203346568 16.150000000000002 1420353956728
2 2 25.380000000000003 20.579679202 12.41 1420353956729
1 3 24.25 21.203346568 16.32 1420353957229
1 4 24.259999999999998 21.203346568 16.32 1420353957728
1 5 24.259999999999998 21.203346568 16.405 1420353958228
2 5 25.380000000000003 20.44094605 12.750000000000002 1420353958229
1 6 24.259999999999998 21.203346568 16.575000000000003 1420353958728
1 7 24.28 21.203346568 16.405 1420353959228
1 8 24.270000000000003 21.168725504500003 16.66 1420353959728
1 9 24.28 21.203346568 15.98 1420353960228
2 9 25.389999999999993 20.3368626805 11.985000000000001 1420353960229
1 10 24.28 21.168725504500003 16.66 1420353960728
2 10 25.4 20.302161842000004 12.495000000000001 1420353960729
1 11 24.28 21.134101250000004 16.830000000000002 1420353961228
2 11 25.4 20.302161842000004 12.325000000000001 1420353961229
1 12 24.28 21.134101250000004 16.915000000000003 1420353961728
1 13 24.29 21.134101250000004 17.085 1420353962228
2 13 25.4 20.232750592000002 12.41 1420353962229
1 14 24.29 21.134101250000004 16.915000000000003 1420353962728
1 15 24.299999999999997 21.168725504500003 16.915000000000003 1420353963228
1 16 24.32 21.168725504500003 16.915000000000003 1420353963728
2 16 25.4 20.198040180499998 12.665000000000001 1420353963729
1 17 24.299999999999997 21.203346568 16.830000000000002 1420353964228
2 17 25.410000000000004 20.163326578 12.58 1420353964229
1 18 24.310000000000002 21.168725504500003 16.830000000000002 1420353964728
1 19 24.299999999999997 21.168725504500003 16.830000000000002 1420353965228
2 19 25.410000000000004 20.0938898 12.665000000000001 1420353965229
1 20 24.32 21.203346568 16.745 1420353965728
1 21 24.310000000000002 21.168725504500003 16.575000000000003 1420353966228
2 21 25.410000000000004 20.0591666245 12.665000000000001 1420353966229
1 22 24.310000000000002 21.203346568 16.915000000000003 1420353966728
2 22 25.419999999999995 20.0591666245 12.750000000000002 1420353966729
1 23 24.32 21.168725504500003 16.745 1420353967228
1 24 24.32 21.168725504500003 16.490000000000002 1420353967728
1 25 24.33 21.203346568 16.575000000000003 1420353968228
2 25 25.410000000000004 20.024440258000002 12.495000000000001 1420353968229
1 26 24.33 21.134101250000004 16.405 1420353968728
2 26 25.419999999999995 20.0591666245 12.325000000000001 1420353968729
1 27 24.33 21.134101250000004 16.575000000000003 1420353969228
2 27 25.440000000000005 20.024440258000002 12.665000000000001 1420353969229
1 28 24.340000000000003 21.134101250000004 15.895000000000001 1420353969728
2 28 25.419999999999995 20.024440258000002 12.665000000000001 1420353969729
1 29 24.340000000000003 21.134101250000004 16.405 1420353970228
2 29 25.419999999999995 20.024440258000002 12.495000000000001 1420353970229
1 30 24.33 21.134101250000004 16.575000000000003 1420353970728
2 30 25.419999999999995 20.024440258000002 11.645000000000001 1420353970729
1 31 24.340000000000003 21.064843168 16.405 1420353971228
2 31 25.43 20.024440258000002 12.155000000000001 1420353971229
1 32 24.340000000000003 21.064843168 16.150000000000002 1420353971728
2 32 25.440000000000005 20.024440258000002 12.58 1420353971729
1 33 24.35 21.064843168 16.235 1420353972228
1 34 24.36 21.064843168 16.66 1420353972728
1 35 24.35 21.064843168 16.32 1420353973228
2 35 25.449999999999996 20.024440258000002 12.495000000000001 1420353973229
1 36 24.35 21.064843168 15.98 1420353973728
1 37 24.35 21.064843168 16.66 1420353974228
1 38 24.340000000000003 21.064843168 16.405 1420353974728
2 38 25.449999999999996 20.024440258000002 12.58 1420353974729
1 39 24.36 21.064843168 16.575000000000003 1420353975228
2 39 25.449999999999996 20.024440258000002 12.58 1420353975229
1 40 24.369999999999997 21.064843168 16.490000000000002 1420353975728
1 41 24.35 21.0994738045 16.66 1420353976228
2 41 25.449999999999996 20.024440258000002 12.58 1420353976229
1 42 24.369999999999997 21.064843168 16.575000000000003 1420353976728
1 43 24.36 21.064843168 16.32 1420353977228
1 44 24.369999999999997 21.064843168 16.66 1420353977728
2 44 25.46 20.024440258000002 12.495000000000001 1420353977729
1 45 24.369999999999997 21.064843168 16.32 1420353978228
1 46 24.380000000000003 21.064843168 16.405 1420353978728
2 46 25.46 20.024440258000002 12.665000000000001 1420353978729
1 47 24.369999999999997 21.064843168 16.490000000000002 1420353979228
1 48 24.380000000000003 21.064843168 16.32 1420353979728
2 48 25.470000000000006 20.024440258000002 12.58 1420353979729
1 49 24.380000000000003 21.0302093405 16.405 1420353980228
2 49 25.470000000000006 20.024440258000002 12.750000000000002 1420353980229
1 50 24.380000000000003 21.0302093405 16.830000000000002 1420353980728
1 51 24.380000000000003 20.995572322 16.66 1420353981229
2 51 25.470000000000006 20.024440258000002 12.58 1420353981229
1 52 24.380000000000003 20.995572322 16.575000000000003 1420353981728
2 52 25.479999999999997 20.024440258000002 12.41 1420353981729
1 53 24.39 20.995572322 16.235 1420353982228
2 53 25.470000000000006 19.9897107005 12.495000000000001 1420353982229
1 54 24.39 20.995572322 16.575000000000003 1420353982728
1 56 24.39 20.995572322 16.065 1420353983728
2 56 25.479999999999997 19.954977952 13.175 1420353983729
1 57 24.39 20.995572322 15.98 1420353984228
2 57 25.479999999999997 19.954977952 13.175 1420353984229
1 58 24.380000000000003 20.995572322 16.065 1420353984728
2 58 25.479999999999997 19.954977952 12.920000000000002 1420353984729
1 59 24.380000000000003 20.995572322 15.98 1420353985228
1 60 24.380000000000003 20.995572322 15.98 1420353985728
2 60 25.490000000000002 19.954977952 12.920000000000002 1420353985729
1 61 24.39 20.995572322 16.235 1420353986228
1 62 24.39 20.995572322 16.235 1420353986728
1 63 24.39 20.9609321125 16.405 1420353987228
1 64 24.39 20.926288712 16.235 1420353987728
1 65 24.4 20.926288712 16.235 1420353988228
1 66 24.39 20.926288712 16.405 1420353988728
1 68 24.4 20.926288712 16.32 1420353989728
2 68 25.499999999999993 19.885502882 12.24 1420353989729
1 69 24.410000000000004 20.891642120500002 16.235 1420353990228
1 70 24.410000000000004 20.856992338 16.235 1420353990728
2 70 25.499999999999993 19.816015048000004 12.155000000000001 1420353990729
1 71 24.419999999999995 20.891642120500002 16.490000000000002 1420353991228
1 72 24.419999999999995 20.856992338 16.150000000000002 1420353991728
2 72 25.499999999999993 19.816015048000004 12.58 1420353991729
1 73 24.410000000000004 20.856992338 16.32 1420353992228
1 74 24.4 20.926288712 16.490000000000002 1420353992728
2 74 25.520000000000003 19.816015048000004 12.41 1420353992729
1 75 24.419999999999995 20.856992338 16.065 1420353993228
2 75 25.529999999999994 19.816015048000004 12.495000000000001 1420353993229
1 76 24.419999999999995 20.926288712 16.575000000000003 1420353993728
2 76 25.520000000000003 19.816015048000004 12.750000000000002 1420353993729
1 77 24.410000000000004 20.856992338 16.235 1420353994228
1 78 24.419999999999995 20.891642120500002 16.235 1420353994728
1 79 24.419999999999995 20.891642120500002 16.150000000000002 1420353995228
1 80 24.419999999999995 20.926288712 15.98 1420353995728
1 81 24.419999999999995 20.926288712 16.065 1420353996228
1 82 24.43 20.926288712 15.725000000000001 1420353996728
1 83 24.43 20.926288712 16.150000000000002 1420353997228
1 84 24.419999999999995 20.891642120500002 16.150000000000002 1420353997728
2 84 25.54 19.816015048000004 13.005 1420353997729
1 85 24.43 20.856992338 16.235 1420353998228
2 85 25.54 19.816015048000004 12.495000000000001 1420353998229
1 86 24.43 20.856992338 16.490000000000002 1420353998728
2 86 25.54 19.816015048000004 12.665000000000001 1420353998729
1 87 24.440000000000005 20.856992338 16.575000000000003 1420353999229
1 88 24.43 20.856992338 16.405 1420353999728
1 89 24.440000000000005 20.856992338 16.830000000000002 1420354000228
2 89 25.54 19.885502882 12.58 1420354000229
1 90 24.440000000000005 20.856992338 16.490000000000002 1420354000728
2 90 25.550000000000004 19.885502882 12.58 1420354000729
1 91 24.440000000000005 20.856992338 16.915000000000003 1420354001228
2 91 25.559999999999995 19.885502882 12.58 1420354001229
1 92 24.440000000000005 20.856992338 16.830000000000002 1420354001728
2 92 25.559999999999995 19.885502882 12.495000000000001 1420354001729
1 93 24.440000000000005 20.856992338 16.575000000000003 1420354002228
1 94 24.449999999999996 20.787683200000004 16.745 1420354002728
1 95 24.449999999999996 20.856992338 16.66 1420354003228
2 95 25.559999999999995 19.954977952 12.155000000000001 1420354003229
1 96 24.449999999999996 20.856992338 17.085 1420354003728
1 97 24.449999999999996 20.856992338 16.830000000000002 1420354004228
1 98 24.449999999999996 20.856992338 16.490000000000002 1420354004728
2 98 25.559999999999995 19.885502882 12.41 1420354004729
1 99 24.449999999999996 20.856992338 16.66 1420354005228
2 99 25.559999999999995 19.885502882 12.495000000000001 1420354005229
1 100 24.449999999999996 20.856992338 16.830000000000002 1420354005728
1 101 24.449999999999996 20.856992338 15.98 1420354006228
2 101 25.580000000000005 19.816015048000004 12.58 1420354006229
1 102 24.46 20.856992338 15.81 1420354006728
1 103 24.46 20.856992338 16.32 1420354007228
2 103 25.57 19.816015048000004 12.41 1420354007229
1 104 24.470000000000006 20.856992338 16.235 1420354007728
